           x           y
     35.3553     35.3553
     70.7107     70.6126
    106.0660    105.7717
    141.4214    140.8328
    176.7767    175.7957
    212.1320    210.6605
    247.4874    245.4273
    282.8427    280.0959
    318.1980    314.6665
    353.5534    349.1389
    388.9087    383.5132
    424.2641    417.7895
    459.6194    451.9676
    494.9747    486.0477
    530.3301    520.0296
    565.6854    553.9134
    601.0408    587.6992
    636.3961    621.3868
    671.7514    654.9764
    707.1068    688.4678
    742.4621    721.8611
    777.8175    755.1564
    813.1728    788.3535
    848.5281    821.4526
    883.8835    854.4535
    919.2388    887.3563
    954.5941    920.1611
    989.9495    952.8677
   1025.3048    985.4763
   1060.6602   1017.9867
   1096.0155   1050.3990
   1131.3708   1082.7133
   1166.7262   1114.9294
   1202.0815   1147.0475
   1237.4369   1179.0674
   1272.7922   1210.9892
   1308.1475   1242.8130
   1343.5029   1274.5386
   1378.8582   1306.1662
   1414.2136   1337.6956
   1449.5689   1369.1269
   1484.9242   1400.4602
   1520.2796   1431.6953
   1555.6349   1462.8324
   1590.9902   1493.8713
   1626.3456   1524.8121
   1661.7009   1555.6549
   1697.0563   1586.3995
   1732.4116   1617.0461
   1767.7669   1647.5945
   1803.1223   1678.0448
   1838.4776   1708.3971
   1873.8330   1738.6512
   1909.1883   1768.8073
   1944.5436   1798.8652
   1979.8990   1828.8250
   2015.2543   1858.6868
   2050.6097   1888.4504
   2085.9650   1918.1160
   2121.3203   1947.6834
   2156.6757   1977.1527
   2192.0310   2006.5240
   2227.3863   2035.7971
   2262.7417   2064.9722
   2298.0970   2094.0491
   2333.4524   2123.0279
   2368.8077   2151.9087
   2404.1630   2180.6913
   2439.5184   2209.3759
   2474.8737   2237.9623
   2510.2291   2266.4506
   2545.5844   2294.8409
   2580.9397   2323.1330
   2616.2951   2351.3271
   2651.6504   2379.4230
   2687.0057   2407.4208
   2722.3611   2435.3206
   2757.7164   2463.1222
   2793.0718   2490.8258
   2828.4271   2518.4312
   2863.7824   2545.9385
   2899.1378   2573.3478
   2934.4931   2600.6589
   2969.8485   2627.8720
   3005.2038   2654.9869
   3040.5591   2682.0037
   3075.9145   2708.9225
   3111.2698   2735.7431
   3146.6252   2762.4657
   3181.9805   2789.0901
   3217.3358   2815.6164
   3252.6912   2842.0447
   3288.0465   2868.3748
   3323.4018   2894.6069
   3358.7572   2920.7408
   3394.1125   2946.7766
   3429.4679   2972.7144
   3464.8232   2998.5540
   3500.1785   3024.2956
   3535.5339   3049.9390
   3570.8892   3075.4843
   3606.2446   3100.9316
   3641.5999   3126.2807
   3676.9552   3151.5318
   3712.3106   3176.6847
   3747.6659   3201.7395
   3783.0213   3226.6963
   3818.3766   3251.5549
   3853.7319   3276.3155
   3889.0873   3300.9779
   3924.4426   3325.5422
   3959.7979   3350.0085
   3995.1533   3374.3766
   4030.5086   3398.6467
   4065.8640   3422.8186
   4101.2193   3446.8924
   4136.5746   3470.8682
   4171.9300   3494.7458
   4207.2853   3518.5254
   4242.6407   3542.2068
   4277.9960   3565.7901
   4313.3513   3589.2754
   4348.7067   3612.6625
   4384.0620   3635.9516
   4419.4174   3659.1425
   4454.7727   3682.2353
   4490.1280   3705.2301
   4525.4834   3728.1267
   4560.8387   3750.9252
   4596.1940   3773.6257
   4631.5494   3796.2280
   4666.9047   3818.7323
   4702.2601   3841.1384
   4737.6154   3863.4464
   4772.9707   3885.6564
   4808.3261   3907.7682
   4843.6814   3929.7820
   4879.0368   3951.6976
   4914.3921   3973.5151
   4949.7474   3995.2346
   4985.1028   4016.8559
   5020.4581   4038.3792
   5055.8135   4059.8043
   5091.1688   4081.1313
   5126.5241   4102.3603
   5161.8795   4123.4911
   5197.2348   4144.5239
   5232.5901   4165.4585
   5267.9455   4186.2950
   5303.3008   4207.0335
   5338.6562   4227.6738
   5374.0115   4248.2161
   5409.3668   4268.6602
   5444.7222   4289.0062
   5480.0775   4309.2542
   5515.4329   4329.4040
   5550.7882   4349.4557
   5586.1435   4369.4094
   5621.4989   4389.2649
   5656.8542   4409.0224
   5692.2095   4428.6817
   5727.5649   4448.2429
   5762.9202   4467.7061
   5798.2756   4487.0711
   5833.6309   4506.3381
   5868.9862   4525.5069
   5904.3416   4544.5776
   5939.6969   4563.5503
   5975.0523   4582.4248
   6010.4076   4601.2013
   6045.7629   4619.8796
   6081.1183   4638.4598
   6116.4736   4656.9420
   6151.8290   4675.3260
   6187.1843   4693.6120
   6222.5396   4711.7998
   6257.8950   4729.8895
   6293.2503   4747.8812
   6328.6056   4765.7747
   6363.9610   4783.5701
   6399.3163   4801.2675
   6434.6717   4818.8667
   6470.0270   4836.3679
   6505.3823   4853.7709
   6540.7377   4871.0758
   6576.0930   4888.2827
   6611.4484   4905.3914
   6646.8037   4922.4021
   6682.1590   4939.3146
   6717.5144   4956.1290
   6752.8697   4972.8454
   6788.2251   4989.4636
   6823.5804   5005.9838
   6858.9357   5022.4058
   6894.2911   5038.7297
   6929.6464   5054.9556
   6965.0017   5071.0833
   7000.3571   5087.1130
   7035.7124   5103.0445
   7071.0678   5118.8779
   7106.4231   5134.6133
   7141.7784   5150.2505
   7177.1338   5165.7896
   7212.4891   5181.2307
   7247.8445   5196.5736
   7283.1998   5211.8185
   7318.5551   5226.9652
   7353.9105   5242.0138
   7389.2658   5256.9644
   7424.6212   5271.8168
   7459.9765   5286.5712
   7495.3318   5301.2274
   7530.6872   5315.7855
   7566.0425   5330.2456
   7601.3978   5344.6075
   7636.7532   5358.8714
   7672.1085   5373.0371
   7707.4639   5387.1047
   7742.8192   5401.0743
   7778.1745   5414.9457
   7813.5299   5428.7190
   7848.8852   5442.3943
   7884.2406   5455.9714
   7919.5959   5469.4505
   7954.9512   5482.8314
   7990.3066   5496.1142
   8025.6619   5509.2990
   8061.0172   5522.3856
   8096.3726   5535.3742
   8131.7279   5548.2646
   8167.0833   5561.0569
   8202.4386   5573.7512
   8237.7939   5586.3473
   8273.1493   5598.8453
   8308.5046   5611.2453
   8343.8600   5623.5471
   8379.2153   5635.7509
   8414.5706   5647.8565
   8449.9260   5659.8640
   8485.2813   5671.7735
   8520.6367   5683.5848
   8555.9920   5695.2981
   8591.3473   5706.9132
   8626.7027   5718.4302
   8662.0580   5729.8492
   8697.4133   5741.1700
   8732.7687   5752.3928
   8768.1240   5763.5174
   8803.4794   5774.5439
   8838.8347   5785.4724
   8874.1900   5796.3027
   8909.5454   5807.0349
   8944.9007   5817.6691
   8980.2561   5828.2051
   9015.6114   5838.6431
   9050.9667   5848.9829
   9086.3221   5859.2246
   9121.6774   5869.3683
   9157.0328   5879.4138
   9192.3881   5889.3613
   9227.7434   5899.2106
   9263.0988   5908.9618
   9298.4541   5918.6150
   9333.8094   5928.1700
   9369.1648   5937.6269
   9404.5201   5946.9858
   9439.8755   5956.2465
   9475.2308   5965.4092
   9510.5861   5974.4737
   9545.9415   5983.4401
   9581.2968   5992.3085
   9616.6522   6001.0787
   9652.0075   6009.7509
   9687.3628   6018.3249
   9722.7182   6026.8008
   9758.0735   6035.1787
   9793.4289   6043.4584
   9828.7842   6051.6400
   9864.1395   6059.7236
   9899.4949   6067.7090
   9934.8502   6075.5964
   9970.2055   6083.3856
  10005.5609   6091.0767
  10040.9162   6098.6698
  10076.2716   6106.1647
  10111.6269   6113.5616
  10146.9822   6120.8603
  10182.3376   6128.0609
  10217.6929   6135.1635
  10253.0483   6142.1679
  10288.4036   6149.0742
  10323.7589   6155.8825
  10359.1143   6162.5926
  10394.4696   6169.2047
  10429.8249   6175.7186
  10465.1803   6182.1344
  10500.5356   6188.4522
  10535.8910   6194.6718
  10571.2463   6200.7934
  10606.6016   6206.8168
  10641.9570   6212.7421
  10677.3123   6218.5694
  10712.6677   6224.2985
  10748.0230   6229.9295
  10783.3783   6235.4625
  10818.7337   6240.8973
  10854.0890   6246.2341
  10889.4444   6251.4727
  10924.7997   6256.6132
  10960.1550   6261.6557
  10995.5104   6266.6000
  11030.8657   6271.4462
  11066.2210   6276.1944
  11101.5764   6280.8444
  11136.9317   6285.3964
  11172.2871   6289.8502
  11207.6424   6294.2059
  11242.9977   6298.4636
  11278.3531   6302.6231
  11313.7084   6306.6846
  11349.0638   6310.6479
  11384.4191   6314.5131
  11419.7744   6318.2803
  11455.1298   6321.9493
  11490.4851   6325.5202
  11525.8405   6328.9931
  11561.1958   6332.3678
  11596.5511   6335.6445
  11631.9065   6338.8230
  11667.2618   6341.9034
  11702.6171   6344.8858
  11737.9725   6347.7700
  11773.3278   6350.5561
  11808.6832   6353.2442
  11844.0385   6355.8341
  11879.3938   6358.3260
  11914.7492   6360.7197
  11950.1045   6363.0153
  11985.4599   6365.2129
  12020.8152   6367.3123
  12056.1705   6369.3136
  12091.5259   6371.2169
  12126.8812   6373.0220
  12162.2366   6374.7291
  12197.5919   6376.3380
  12232.9472   6377.8488
  12268.3026   6379.2616
  12303.6579   6380.5762
  12339.0132   6381.7928
  12374.3686   6382.9112
  12409.7239   6383.9315
  12445.0793   6384.8538
  12480.4346   6385.6779
  12515.7899   6386.4039
  12551.1453   6387.0319
  12586.5006   6387.5617
  12621.8560   6387.9935
  12657.2113   6388.3271
  12692.5666   6388.5626
  12727.9220   6388.7001
  12763.2773   6388.7394
  12798.6327   6388.6806
  12833.9880   6388.5238
  12869.3433   6388.2688
  12904.6987   6387.9158
  12940.0540   6387.4646
  12975.4093   6386.9153
  13010.7647   6386.2680
  13046.1200   6385.5225
  13081.4754   6384.6789
  13116.8307   6383.7373
  13152.1860   6382.6975
  13187.5414   6381.5597
  13222.8967   6380.3237
  13258.2521   6378.9896
  13293.6074   6377.5575
  13328.9627   6376.0272
  13364.3181   6374.3988
  13399.6734   6372.6724
  13435.0287   6370.8478
  13470.3841   6368.9252
  13505.7394   6366.9044
  13541.0948   6364.7855
  13576.4501   6362.5686
  13611.8054   6360.2535
  13647.1608   6357.8403
  13682.5161   6355.3291
  13717.8715   6352.7197
  13753.2268   6350.0123
  13788.5821   6347.2067
  13823.9375   6344.3030
  13859.2928   6341.3013
  13894.6482   6338.2014
  13930.0035   6335.0035
  13965.3588   6331.7074
  14000.7142   6328.3132
  14036.0695   6324.8210
  14071.4248   6321.2306
  14106.7802   6317.5421
  14142.1355   6313.7556
  14177.4909   6309.8709
  14212.8462   6305.8882
  14248.2015   6301.8073
  14283.5569   6297.6283
  14318.9122   6293.3513
  14354.2676   6288.9761
  14389.6229   6284.5028
  14424.9782   6279.9315
  14460.3336   6275.2620
  14495.6889   6270.4945
  14531.0443   6265.6288
  14566.3996   6260.6650
  14601.7549   6255.6032
  14637.1103   6250.4432
  14672.4656   6245.1851
  14707.8209   6239.8290
  14743.1763   6234.3747
  14778.5316   6228.8223
  14813.8870   6223.1719
  14849.2423   6217.4233
  14884.5976   6211.5767
  14919.9530   6205.6319
  14955.3083   6199.5890
  14990.6637   6193.4481
  15026.0190   6187.2090
  15061.3743   6180.8718
  15096.7297   6174.4366
  15132.0850   6167.9032
  15167.4404   6161.2718
  15202.7957   6154.5422
  15238.1510   6147.7145
  15273.5064   6140.7888
  15308.8617   6133.7649
  15344.2170   6126.6429
  15379.5724   6119.4229
  15414.9277   6112.1047
  15450.2831   6104.6885
  15485.6384   6097.1741
  15520.9937   6089.5616
  15556.3491   6081.8511
  15591.7044   6074.0424
  15627.0598   6066.1356
  15662.4151   6058.1308
  15697.7704   6050.0278
  15733.1258   6041.8268
  15768.4811   6033.5276
  15803.8364   6025.1303
  15839.1918   6016.6350
  15874.5471   6008.0415
  15909.9025   5999.3499
  15945.2578   5990.5603
  15980.6131   5981.6725
  16015.9685   5972.6867
  16051.3238   5963.6027
  16086.6792   5954.4206
  16122.0345   5945.1405
  16157.3898   5935.7622
  16192.7452   5926.2858
  16228.1005   5916.7114
  16263.4559   5907.0388
  16298.8112   5897.2682
  16334.1665   5887.3994
  16369.5219   5877.4325
  16404.8772   5867.3676
  16440.2325   5857.2045
  16475.5879   5846.9433
  16510.9432   5836.5841
  16546.2986   5826.1267
  16581.6539   5815.5712
  16617.0092   5804.9177
  16652.3646   5794.1660
  16687.7199   5783.3163
  16723.0753   5772.3684
  16758.4306   5761.3224
  16793.7859   5750.1784
  16829.1413   5738.9362
  16864.4966   5727.5959
  16899.8520   5716.1576
  16935.2073   5704.6211
  16970.5626   5692.9866
  17005.9180   5681.2539
  17041.2733   5669.4231
  17076.6286   5657.4943
  17111.9840   5645.4673
  17147.3393   5633.3422
  17182.6947   5621.1191
  17218.0500   5608.7978
  17253.4053   5596.3784
  17288.7607   5583.8610
  17324.1160   5571.2454
  17359.4714   5558.5318
  17394.8267   5545.7200
  17430.1820   5532.8101
  17465.5374   5519.8022
  17500.8927   5506.6961
  17536.2481   5493.4919
  17571.6034   5480.1897
  17606.9587   5466.7893
  17642.3141   5453.2909
  17677.6694   5439.6943
  17713.0247   5425.9996
  17748.3801   5412.2069
  17783.7354   5398.3160
  17819.0908   5384.3270
  17854.4461   5370.2400
  17889.8014   5356.0548
  17925.1568   5341.7715
  17960.5121   5327.3902
  17995.8675   5312.9107
  18031.2228   5298.3332
  18066.5781   5283.6575
  18101.9335   5268.8837
  18137.2888   5254.0119
  18172.6442   5239.0419
  18207.9995   5223.9738
  18243.3548   5208.8077
  18278.7102   5193.5434
  18314.0655   5178.1811
  18349.4208   5162.7206
  18384.7762   5147.1620
  18420.1315   5131.5054
  18455.4869   5115.7506
  18490.8422   5099.8977
  18526.1975   5083.9468
  18561.5529   5067.8977
  18596.9082   5051.7505
  18632.2636   5035.5053
  18667.6189   5019.1619
  18702.9742   5002.7205
  18738.3296   4986.1809
  18773.6849   4969.5432
  18809.0402   4952.8075
  18844.3956   4935.9736
  18879.7509   4919.0416
  18915.1063   4902.0116
  18950.4616   4884.8834
  18985.8169   4867.6571
  19021.1723   4850.3328
  19056.5276   4832.9103
  19091.8830   4815.3898
  19127.2383   4797.7711
  19162.5936   4780.0543
  19197.9490   4762.2395
  19233.3043   4744.3265
  19268.6597   4726.3154
  19304.0150   4708.2063
  19339.3703   4689.9990
  19374.7257   4671.6936
  19410.0810   4653.2902
  19445.4363   4634.7886
  19480.7917   4616.1890
  19516.1470   4597.4912
  19551.5024   4578.6953
  19586.8577   4559.8014
  19622.2130   4540.8093
  19657.5684   4521.7191
  19692.9237   4502.5309
  19728.2791   4483.2445
  19763.6344   4463.8601
  19798.9897   4444.3775
  19834.3451   4424.7968
  19869.7004   4405.1181
  19905.0558   4385.3412
  19940.4111   4365.4662
  19975.7664   4345.4932
  20011.1218   4325.4220
  20046.4771   4305.2527
  20081.8324   4284.9854
  20117.1878   4264.6199
  20152.5431   4244.1563
  20187.8985   4223.5947
  20223.2538   4202.9349
  20258.6091   4182.1771
  20293.9645   4161.3211
  20329.3198   4140.3670
  20364.6752   4119.3149
  20400.0305   4098.1646
  20435.3858   4076.9162
  20470.7412   4055.5698
  20506.0965   4034.1252
  20541.4519   4012.5825
  20576.8072   3990.9418
  20612.1625   3969.2029
  20647.5179   3947.3660
  20682.8732   3925.4309
  20718.2285   3903.3977
  20753.5839   3881.2665
  20788.9392   3859.0371
  20824.2946   3836.7096
  20859.6499   3814.2841
  20895.0052   3791.7604
  20930.3606   3769.1386
  20965.7159   3746.4188
  21001.0713   3723.6008
  21036.4266   3700.6848
  21071.7819   3677.6706
  21107.1373   3654.5583
  21142.4926   3631.3480
  21177.8479   3608.0395
  21213.2033   3584.6329
  21248.5586   3561.1283
  21283.9140   3537.5255
  21319.2693   3513.8246
  21354.6246   3490.0257
  21389.9800   3466.1286
  21425.3353   3442.1335
  21460.6907   3418.0402
  21496.0460   3393.8488
  21531.4013   3369.5594
  21566.7567   3345.1718
  21602.1120   3320.6861
  21637.4674   3296.1024
  21672.8227   3271.4205
  21708.1780   3246.6405
  21743.5334   3221.7625
  21778.8887   3196.7863
  21814.2440   3171.7120
  21849.5994   3146.5397
  21884.9547   3121.2692
  21920.3101   3095.9007
  21955.6654   3070.4340
  21991.0207   3044.8692
  22026.3761   3019.2064
  22061.7314   2993.4454
  22097.0868   2967.5863
  22132.4421   2941.6292
  22167.7974   2915.5739
  22203.1528   2889.4205
  22238.5081   2863.1691
  22273.8635   2836.8195
  22309.2188   2810.3719
  22344.5741   2783.8261
  22379.9295   2757.1822
  22415.2848   2730.4403
  22450.6401   2703.6002
  22485.9955   2676.6620
  22521.3508   2649.6258
  22556.7062   2622.4914
  22592.0615   2595.2589
  22627.4168   2567.9284
  22662.7722   2540.4997
  22698.1275   2512.9729
  22733.4829   2485.3481
  22768.8382   2457.6251
  22804.1935   2429.8041
  22839.5489   2401.8849
  22874.9042   2373.8676
  22910.2596   2345.7523
  22945.6149   2317.5388
  22980.9702   2289.2272
  23016.3256   2260.8176
  23051.6809   2232.3098
  23087.0362   2203.7039
  23122.3916   2175.0000
  23157.7469   2146.1979
  23193.1023   2117.2977
  23228.4576   2088.2995
  23263.8129   2059.2031
  23299.1683   2030.0087
  23334.5236   2000.7161
  23369.8790   1971.3254
  23405.2343   1941.8367
  23440.5896   1912.2498
  23475.9450   1882.5648
  23511.3003   1852.7818
  23546.6556   1822.9006
  23582.0110   1792.9213
  23617.3663   1762.8440
  23652.7217   1732.6685
  23688.0770   1702.3949
  23723.4323   1672.0233
  23758.7877   1641.5535
  23794.1430   1610.9857
  23829.4984   1580.3197
  23864.8537   1549.5556
  23900.2090   1518.6935
  23935.5644   1487.7332
  23970.9197   1456.6748
  24006.2751   1425.5184
  24041.6304   1394.2638
  24076.9857   1362.9111
  24112.3411   1331.4604
  24147.6964   1299.9115
  24183.0517   1268.2645
  24218.4071   1236.5195
  24253.7624   1204.6763
  24289.1178   1172.7350
  24324.4731   1140.6957
  24359.8284   1108.5582
  24395.1838   1076.3227
  24430.5391   1043.9890
  24465.8945   1011.5572
  24501.2498    979.0274
  24536.6051    946.3994
  24571.9605    913.6733
  24607.3158    880.8492
  24642.6712    847.9269
  24678.0265    814.9065
  24713.3818    781.7881
  24748.7372    748.5715
  24784.0925    715.2568
  24819.4478    681.8441
  24854.8032    648.3332
  24890.1585    614.7243
  24925.5139    581.0172
  24960.8692    547.2120
  24996.2245    513.3088
  25031.5799    479.3074
  25066.9352    445.2079
  25102.2906    411.0104
  25137.6459    376.7147
  25173.0012    342.3209
  25208.3566    307.8291
  25243.7119    273.2391
  25279.0673    238.5510
  25314.4226    203.7649
  25349.7779    168.8806
  25385.1333    133.8982
  25420.4886     98.8178
  25455.8439     63.6392
  25491.1993     28.3626
  25526.5546     -7.0122
