         0       0.050000
         t           v(t)
         1       3.354382
         2       3.953144
         3       4.518750
         4       5.031398
         5       5.500225
         6       5.933870
         7       6.338853
         8       6.720025
         9       7.081058
        10       7.424789
        11       7.753459
        12       8.068870
        13       8.372494
        14       8.665551
        15       8.949069
        16       9.223916
        17       9.490839
        18       9.750484
        19      10.003414
        20      10.250122
        21      10.491045
        22      10.726571
        23      10.957046
        24      11.182781
        25      11.404056
        26      11.621126
        27      11.834221
        28      12.043552
        29      12.249310
        30      12.451673
        31      12.650803
        32      12.846850
        33      13.039953
        34      13.230241
        35      13.417832
        36      13.602839
        37      13.785365
        38      13.965507
        39      14.143357
        40      14.319000
        41      14.492515
        42      14.663978
        43      14.833461
        44      15.001030
        45      15.166749
        46      15.330678
        47      15.492872
        48      15.653388
        49      15.812274
        50      15.969580
        51      16.125353
        52      16.279636
        53      16.432470
        54      16.583897
        55      16.733954
        56      16.882678
        57      17.030104
        58      17.176264
        59      17.321192
        60      17.464917
        61      17.607470
        62      17.748878
        63      17.889168
        64      18.028367
        65      18.166500
        66      18.303591
        67      18.439663
        68      18.574738
        69      18.708838
        70      18.841984
        71      18.974196
        72      19.105493
        73      19.235894
        74      19.365417
        75      19.494080
        76      19.621900
        77      19.748892
        78      19.875073
        79      20.000458
        80      20.125062
        81      20.248900
        82      20.371984
        83      20.494330
        84      20.615950
        85      20.736856
        86      20.857062
        87      20.976579
        88      21.095419
        89      21.213593
        90      21.331113
        91      21.447989
        92      21.564232
        93      21.679851
        94      21.794857
        95      21.909260
        96      22.023068
        97      22.136291
        98      22.248938
        99      22.361018
       100      22.472539
       101      22.583509
       102      22.693937
       103      22.803829
       104      22.913195
       105      23.022042
       106      23.130376
       107      23.238205
       108      23.345536
       109      23.452377
       110      23.558732
       111      23.664610
       112      23.770016
       113      23.874957
       114      23.979438
       115      24.083467
       116      24.187048
       117      24.290187
       118      24.392890
       119      24.495163
       120      24.597010
       121      24.698438
       122      24.799451
       123      24.900053
       124      25.000252
       125      25.100050
       126      25.199453
       127      25.298465
       128      25.397092
       129      25.495337
       130      25.593204
       131      25.690700
       132      25.787826
       133      25.884588
       134      25.980990
       135      26.077035
       136      26.172728
       137      26.268072
       138      26.363072
       139      26.457730
       140      26.552051
       141      26.646038
       142      26.739695
       143      26.833025
       144      26.926032
       145      27.018718
       146      27.111087
       147      27.203143
       148      27.294889
       149      27.386327
       150      27.477460
       151      27.568293
       152      27.658827
       153      27.749066
       154      27.839012
       155      27.928669
       156      28.018039
       157      28.107125
       158      28.195929
       159      28.284454
       160      28.372704
       161      28.460679
       162      28.548384
       163      28.635820
       164      28.722989
       165      28.809895
       166      28.896540
       167      28.982926
       168      29.069055
       169      29.154929
       170      29.240552
       171      29.325924
       172      29.411048
       173      29.495927
       174      29.580563
       175      29.664956
       176      29.749111
       177      29.833028
       178      29.916710
       179      30.000158
       180      30.083375
       181      30.166362
       182      30.249122
       183      30.331656
       184      30.413965
       185      30.496053
       186      30.577920
       187      30.659569
       188      30.741001
       189      30.822218
       190      30.903221
       191      30.984013
       192      31.064594
       193      31.144967
       194      31.225133
       195      31.305094
       196      31.384851
       197      31.464406
       198      31.543760
       199      31.622915
       200      31.701873
       201      31.780634
       202      31.859201
       203      31.937574
       204      32.015756
       205      32.093747
       206      32.171549
       207      32.249163
       208      32.326591
       209      32.403834
       210      32.480894
       211      32.557771
       212      32.634466
       213      32.710982
       214      32.787320
       215      32.863480
       216      32.939464
       217      33.015273
       218      33.090909
       219      33.166372
       220      33.241663
       221      33.316785
       222      33.391737
       223      33.466522
       224      33.541140
       225      33.615592
       226      33.689880
       227      33.764005
       228      33.837967
       229      33.911767
       230      33.985408
       231      34.058889
       232      34.132212
       233      34.205378
       234      34.278387
       235      34.351242
       236      34.423942
       237      34.496489
       238      34.568884
       239      34.641128
       240      34.713221
       241      34.785165
       242      34.856960
       243      34.928608
       244      35.000109
       245      35.071464
       246      35.142675
       247      35.213741
       248      35.284664
       249      35.355445
       250      35.426085
       251      35.496584
       252      35.566943
       253      35.637164
       254      35.707246
       255      35.777191
       256      35.847000
       257      35.916673
       258      35.986210
       259      36.055614
       260      36.124885
       261      36.194023
       262      36.263029
       263      36.331904
       264      36.400649
       265      36.469264
       266      36.537750
       267      36.606109
       268      36.674339
       269      36.742443
       270      36.810421
       271      36.878274
       272      36.946002
       273      37.013607
       274      37.081088
       275      37.148446
       276      37.215683
       277      37.282798
       278      37.349792
       279      37.416667
       280      37.483423
       281      37.550059
       282      37.616578
       283      37.682979
       284      37.749264
       285      37.815432
       286      37.881485
       287      37.947422
       288      38.013246
       289      38.078955
       290      38.144552
       291      38.210035
       292      38.275407
       293      38.340667
       294      38.405817
       295      38.470856
       296      38.535785
       297      38.600605
       298      38.665316
       299      38.729920
       300      38.794415
       301      38.858804
       302      38.923086
       303      38.987262
       304      39.051333
       305      39.115299
       306      39.179160
       307      39.242917
       308      39.306571
       309      39.370122
       310      39.433571
       311      39.496918
       312      39.560163
       313      39.623307
       314      39.686351
       315      39.749295
       316      39.812140
       317      39.874885
       318      39.937532
       319      40.000080
       320      40.062531
       321      40.124885
       322      40.187142
       323      40.249303
       324      40.311368
       325      40.373337
       326      40.435212
       327      40.496992
       328      40.558677
       329      40.620270
       330      40.681768
       331      40.743175
       332      40.804488
       333      40.865710
       334      40.926840
       335      40.987879
       336      41.048827
       337      41.109685
       338      41.170453
       339      41.231131
       340      41.291720
       341      41.352221
       342      41.412633
       343      41.472957
       344      41.533193
       345      41.593342
       346      41.653405
       347      41.713380
       348      41.773270
       349      41.833074
       350      41.892793
       351      41.952426
       352      42.011975
       353      42.071440
       354      42.130820
       355      42.190118
       356      42.249331
       357      42.308463
       358      42.367511
       359      42.426477
       360      42.485362
       361      42.544165
       362      42.602887
       363      42.661528
       364      42.720088
       365      42.778569
       366      42.836969
       367      42.895290
       368      42.953532
       369      43.011695
       370      43.069779
       371      43.127785
       372      43.185714
       373      43.243564
       374      43.301338
       375      43.359034
       376      43.416654
       377      43.474197
       378      43.531664
       379      43.589056
       380      43.646372
       381      43.703613
       382      43.760779
       383      43.817870
       384      43.874888
       385      43.931831
       386      43.988700
       387      44.045496
       388      44.102219
       389      44.158869
       390      44.215446
       391      44.271952
       392      44.328385
       393      44.384746
       394      44.441036
       395      44.497255
       396      44.553402
       397      44.609479
       398      44.665486
       399      44.721423
       400      44.777289
       401      44.833086
       402      44.888814
       403      44.944472
       404      45.000062
       405      45.055583
       406      45.111036
       407      45.166421
       408      45.221738
       409      45.276987
       410      45.332169
       411      45.387284
       412      45.442332
       413      45.497313
       414      45.552228
       415      45.607077
       416      45.661861
       417      45.716578
       418      45.771230
       419      45.825817
       420      45.880339
       421      45.934796
       422      45.989189
       423      46.043517
       424      46.097781
       425      46.151982
       426      46.206119
       427      46.260193
       428      46.314203
       429      46.368151
       430      46.422036
       431      46.475858
       432      46.529618
       433      46.583317
       434      46.636953
       435      46.690528
       436      46.744041
       437      46.797493
       438      46.850884
       439      46.904215
       440      46.957484
       441      47.010694
       442      47.063843
       443      47.116932
       444      47.169962
       445      47.222932
       446      47.275843
       447      47.328694
       448      47.381487
       449      47.434221
       450      47.486896
       451      47.539513
       452      47.592071
       453      47.644572
       454      47.697015
       455      47.749400
       456      47.801728
       457      47.853999
       458      47.906213
       459      47.958370
       460      48.010470
       461      48.062514
       462      48.114501
       463      48.166432
       464      48.218308
       465      48.270127
       466      48.321891
       467      48.373600
       468      48.425253
       469      48.476852
       470      48.528395
       471      48.579884
       472      48.631319
       473      48.682699
       474      48.734024
       475      48.785296
       476      48.836514
       477      48.887679
       478      48.938789
       479      48.989847
       480      49.040851
       481      49.091803
       482      49.142701
       483      49.193547
       484      49.244341
       485      49.295082
       486      49.345771
       487      49.396407
       488      49.446992
       489      49.497526
       490      49.548008
       491      49.598438
       492      49.648817
       493      49.699145
       494      49.749422
       495      49.799649
       496      49.849825
       497      49.899950
       498      49.950025
       499      50.000050
       500      50.050025
       501      50.099950
       502      50.149825
       503      50.199651
       504      50.249428
       505      50.299155
       506      50.348833
       507      50.398462
       508      50.448042
       509      50.497574
       510      50.547057
       511      50.596491
       512      50.645878
       513      50.695216
       514      50.744506
       515      50.793749
       516      50.842944
       517      50.892091
       518      50.941191
       519      50.990243
       520      51.039249
       521      51.088207
       522      51.137119
       523      51.185983
       524      51.234802
       525      51.283573
       526      51.332299
       527      51.380978
       528      51.429611
       529      51.478198
       530      51.526739
       531      51.575235
       532      51.623685
       533      51.672090
       534      51.720449
       535      51.768763
       536      51.817032
       537      51.865256
       538      51.913436
       539      51.961571
       540      52.009661
       541      52.057707
       542      52.105708
       543      52.153665
       544      52.201578
       545      52.249448
       546      52.297273
       547      52.345055
       548      52.392793
       549      52.440488
       550      52.488139
       551      52.535748
       552      52.583313
       553      52.630835
       554      52.678314
       555      52.725750
       556      52.773144
       557      52.820495
       558      52.867804
       559      52.915071
       560      52.962295
       561      53.009478
       562      53.056618
       563      53.103717
       564      53.150773
       565      53.197789
       566      53.244762
       567      53.291695
       568      53.338585
       569      53.385435
       570      53.432244
       571      53.479012
       572      53.525739
       573      53.572425
       574      53.619070
       575      53.665675
       576      53.712239
       577      53.758764
       578      53.805248
       579      53.851691
       580      53.898095
       581      53.944459
       582      53.990783
       583      54.037067
       584      54.083312
       585      54.129517
       586      54.175683
       587      54.221810
       588      54.267897
       589      54.313945
       590      54.359954
       591      54.405924
       592      54.451856
       593      54.497749
       594      54.543603
       595      54.589418
       596      54.635196
       597      54.680934
       598      54.726635
       599      54.772298
       600      54.817922
       601      54.863509
